1
20 20 20 20 20 20 20 20 20
0 0 2 0 0 1 0 0 0
0 0 0 0 0 0 0 0 12
0 0 0 0 2 0 1 1 0
3 1 1 1 0 0 0 0 0
3 0 0 0 0 0 3 0 2
0 0 0 0 0 0 0 1 0
1 0 0 0 0 0 0 0 2
1 2 2 2 0 0 0 0 2
1 2 2 2 2 2 2 2 2
301 0 1 2345 234235235 234234231 234230 18 19
1 1 1 1 1 1 1 1 1
1 1 1 1 1 1 1 1 0
1 1 1 1 1 1 1 0 1
1 1 1 1 1 1 0 1 1
1 1 1 1 1 0 1 1 1
1 1 1 1 0 1 1 1 1
1 1 1 0 1 1 1 1 1
1 1 0 1 1 1 1 1 1
1 0 1 1 1 1 1 1 1
0 1 1 1 1 1 1 1 1
1 2 0 0 0 0 0 0 0
1 0 2 0 0 0 0 0 0
1 0 0 2 0 0 0 0 0
1 0 0 0 2 0 0 0 0
1 0 0 0 0 2 0 0 0
1 0 0 0 0 0 2 0 0
1 0 0 0 0 0 0 2 0
